41.85 2.64 7.59 61.66 18.89 9.33 89.14 37.54 26.89 68.71
89.50 8.69 71.71 96.11 50.53 28.96 21.55 59.35 28.52 34.35
98.38 31.30 57.88 70.72 74.35 14.10 18.39 41.20 65.60 59.11
79.45 75.75 66.35 38.96 86.96 28.36 3.21 57.81 2.34 93.43
5.91 67.38 63.80 49.09 92.20 79.93 11.83 77.66 78.55 47.79
0.96 60.17 29.76 34.54 63.84 18.76 88.54 70.95 38.11 9.93
62.34 91.96 63.55 64.83 3.47 5.41 33.50 84.32 11.84 27.18
69.72 58.10 43.82 3.43 90.97 94.89 62.18 74.18 29.61 40.43
5.54 9.68 49.88 49.91 91.71 60.74 78.20 36.62 6.93 58.65
4.41 69.51 92.28 54.08 87.46 3.60 57.03 54.94 74.76 40.15
